16
0 3 5 3 2 7 2 4 4 2 5 1 5 1 3 4 
8 0 7 4 3 8 4 5 5 6 6 8 7 4 4 6 
3 2 0 6 5 9 5 7 6 5 8 4 8 4 5 7 
6 1 7 0 4 5 4 5 1 4 6 7 7 3 5 3 
5 3 4 2 0 5 1 5 2 3 5 6 4 1 1 3 
2 1 4 2 4 0 2 2 3 3 1 3 3 3 3 3 
7 2 6 1 5 6 0 4 2 2 5 7 3 4 4 4 
5 3 2 2 5 4 6 0 2 3 5 6 5 5 1 5 
7 4 8 5 6 5 4 6 0 3 5 7 7 3 7 5 
7 1 6 2 4 7 3 4 2 0 3 5 6 5 5 2 
4 2 3 1 3 5 3 1 2 2 0 2 5 3 2 2 
6 2 4 3 1 6 2 3 3 1 4 0 5 1 2 3 
5 3 4 2 5 5 1 3 2 3 5 6 0 2 1 5 
8 3 7 2 3 6 1 5 3 3 4 6 4 0 4 3 
6 3 3 4 6 4 5 6 1 2 5 7 4 4 0 4 
8 3 7 2 6 7 1 5 3 3 4 6 4 5 5 0 
